-8
16
0
23
9
15
-28
-24
-32
-69
-19
-96
36
-39
46
-119
29
-130
-67
90
-52
65
-37
43
-23
17
-13
-10
-15
10
2
15
14
5
19
-13
36
-24
64
-33
86
-36
115
-45
150
-53
5
15
17
36
34
55
20
49
9
40
-9
24
31
-25
66
-50
-3
29
1
27
9
51
15
22
24
41
-6
18
-19
27
-35
34
-1
12
41
-239
3
8
-7
7
-13
11
-6
-10
-7
-23
-20
22
-13
10
7
-16
5
-7
11
-23
6
-19
1
-12
-1
-34
2
-14
28
-12
22
-6
51
-31
33
-24
21
-18
44
24
87
55
131
78
4
35
3
-73
-4
-105
-22
-121
-23
-6
0
42
-29
10
3
20
-9
16
-17
1
-30
1
-45
-2
-63
-3
32
-3
62
-3
41
1
67
6
-13
15
-25
29
-36
44
-46
65
-19
-29
-38
-49
